[] ( 3.4 4 2 2 2 A
[] ( 3.4 6 2 2 2 B
[] ( 3.4 6 4 2 2 S
[] ( 3.4 4 4 2 2 D
[] ( 3.4 4 6 2 2 E
[] ( 3.4 6 6 2 2 F
[] ( 3.4 6 8 2 2 G
[] ( 3.4 4 8 2 2 I
[] ( 3.4 9 4 2 2 K
[] ( 3.4 11 4 2 2 Q
[] ( 3.4 11 6 2 2 N
[] ( 3.4 9 6 2 2 M
[] ( 3.4 8 8 2 2 3
[] ( 3.4 10 8 2 2 4
[] ) 3.4 10 2 2 2 5
[] ) 3.4 12 2 2 2 6
[] ) 3.4 14 2 2 2 7
[] ) 3.4 16 2 2 2 8
[] ) 3.4 14 4 2 2 9
[] ) 3.4 16 4 2 2 Z
[] ) 3.4 14 6 2 2 a
[] ) 3.4 16 6 2 2 b
[] ) 3.4 14 8 2 2 d
[] ) 3.4 16 8 2 2 e

#######################
##WWWWWW#WWWWWWWWW#####
#WPC1A1BWW15161718W####
#WCC1111WW111X1111W####
##WW1D1SWXK1QW191ZW####
###W1111W1111W1111W####
###W1E1FW1M1NWXa1bW####
###WX111W11X1W1111W####
###W1I1G1314WW1d1eCC###
###WX11X11X1WWX111CC###
####WWWWWWWW##WWWW#####
####WWWWWWWW###########
#######################
#######################
#######################